-2.176156800000000000e+18
-2.173564800000000000e+18
-2.171059200000000000e+18
-2.168380800000000000e+18
-2.165788800000000000e+18
-2.163110400000000000e+18
-2.160518400000000000e+18
-2.157840000000000000e+18
-2.155161600000000000e+18
-2.152569600000000000e+18
-2.149891200000000000e+18
-2.147299200000000000e+18
-2.144620800000000000e+18
-2.142028800000000000e+18
-2.139523200000000000e+18
-2.136844800000000000e+18
-2.134252800000000000e+18
-2.131574400000000000e+18
-2.128982400000000000e+18
-2.126304000000000000e+18
-2.123625600000000000e+18
-2.121033600000000000e+18
-2.118355200000000000e+18
-2.115763200000000000e+18
-2.113084800000000000e+18
-2.110492800000000000e+18
-2.107987200000000000e+18
-2.105308800000000000e+18
-2.102716800000000000e+18
-2.100038400000000000e+18
-2.097446400000000000e+18
-2.094768000000000000e+18
-2.092089600000000000e+18
-2.089497600000000000e+18
-2.086819200000000000e+18
-2.084227200000000000e+18
-2.081548800000000000e+18
-2.078956800000000000e+18
-2.076364800000000000e+18
-2.073686400000000000e+18
-2.071094400000000000e+18
-2.068416000000000000e+18
-2.065824000000000000e+18
-2.063145600000000000e+18
-2.060467200000000000e+18
-2.057875200000000000e+18
-2.055196800000000000e+18
-2.052604800000000000e+18
-2.049926400000000000e+18
-2.047334400000000000e+18
-2.044828800000000000e+18
-2.042150400000000000e+18
-2.039558400000000000e+18
-2.036880000000000000e+18
-2.034288000000000000e+18
-2.031609600000000000e+18
-2.028931200000000000e+18
-2.026339200000000000e+18
-2.023660800000000000e+18
-2.021068800000000000e+18
-2.018390400000000000e+18
-2.015798400000000000e+18
-2.013292800000000000e+18
-2.010614400000000000e+18
-2.008022400000000000e+18
-2.005344000000000000e+18
-2.002752000000000000e+18
-2.000073600000000000e+18
-1.997395200000000000e+18
-1.994803200000000000e+18
-1.992124800000000000e+18
-1.989532800000000000e+18
-1.986854400000000000e+18
-1.984262400000000000e+18
-1.981756800000000000e+18
-1.979078400000000000e+18
-1.976486400000000000e+18
-1.973808000000000000e+18
-1.971216000000000000e+18
-1.968537600000000000e+18
-1.965859200000000000e+18
-1.963267200000000000e+18
-1.960588800000000000e+18
-1.957996800000000000e+18
-1.955318400000000000e+18
-1.952726400000000000e+18
-1.950134400000000000e+18
-1.947456000000000000e+18
-1.944864000000000000e+18
-1.942185600000000000e+18
-1.939593600000000000e+18
-1.936915200000000000e+18
-1.934236800000000000e+18
-1.931644800000000000e+18
-1.928966400000000000e+18
-1.926374400000000000e+18
-1.923696000000000000e+18
-1.921104000000000000e+18
-1.918598400000000000e+18
-1.915920000000000000e+18
-1.913328000000000000e+18
-1.910649600000000000e+18
-1.908057600000000000e+18
-1.905379200000000000e+18
-1.902700800000000000e+18
-1.900108800000000000e+18
-1.897430400000000000e+18
-1.894838400000000000e+18
-1.892160000000000000e+18
-1.889568000000000000e+18
-1.887062400000000000e+18
-1.884384000000000000e+18
-1.881792000000000000e+18
-1.879113600000000000e+18
-1.876521600000000000e+18
-1.873843200000000000e+18
-1.871164800000000000e+18
-1.868572800000000000e+18
-1.865894400000000000e+18
-1.863302400000000000e+18
-1.860624000000000000e+18
-1.858032000000000000e+18
-1.855526400000000000e+18
-1.852848000000000000e+18
-1.850256000000000000e+18
-1.847577600000000000e+18
-1.844985600000000000e+18
-1.842307200000000000e+18
-1.839628800000000000e+18
-1.837036800000000000e+18
-1.834358400000000000e+18
-1.831766400000000000e+18
-1.829088000000000000e+18
-1.826496000000000000e+18
-1.823904000000000000e+18
-1.821225600000000000e+18
-1.818633600000000000e+18
-1.815955200000000000e+18
-1.813363200000000000e+18
-1.810684800000000000e+18
-1.808006400000000000e+18
-1.805414400000000000e+18
-1.802736000000000000e+18
-1.800144000000000000e+18
-1.797465600000000000e+18
-1.794873600000000000e+18
-1.792368000000000000e+18
-1.789689600000000000e+18
-1.787097600000000000e+18
-1.784419200000000000e+18
-1.781827200000000000e+18
-1.779148800000000000e+18
-1.776470400000000000e+18
-1.773878400000000000e+18
-1.771200000000000000e+18
-1.768608000000000000e+18
-1.765929600000000000e+18
-1.763337600000000000e+18
-1.760832000000000000e+18
-1.758153600000000000e+18
-1.755561600000000000e+18
-1.752883200000000000e+18
-1.750291200000000000e+18
-1.747612800000000000e+18
-1.744934400000000000e+18
-1.742342400000000000e+18
-1.739664000000000000e+18
-1.737072000000000000e+18
-1.734393600000000000e+18
-1.731801600000000000e+18
-1.729296000000000000e+18
-1.726617600000000000e+18
-1.724025600000000000e+18
-1.721347200000000000e+18
-1.718755200000000000e+18
-1.716076800000000000e+18
-1.713398400000000000e+18
-1.710806400000000000e+18
-1.708128000000000000e+18
-1.705536000000000000e+18
-1.702857600000000000e+18
-1.700265600000000000e+18
-1.697673600000000000e+18
-1.694995200000000000e+18
-1.692403200000000000e+18
-1.689724800000000000e+18
-1.687132800000000000e+18
-1.684454400000000000e+18
-1.681776000000000000e+18
-1.679184000000000000e+18
-1.676505600000000000e+18
-1.673913600000000000e+18
-1.671235200000000000e+18
-1.668643200000000000e+18
-1.666137600000000000e+18
-1.663459200000000000e+18
-1.660867200000000000e+18
-1.658188800000000000e+18
-1.655596800000000000e+18
-1.652918400000000000e+18
-1.650240000000000000e+18
-1.647648000000000000e+18
-1.644969600000000000e+18
-1.642377600000000000e+18
-1.639699200000000000e+18
-1.637107200000000000e+18
-1.634601600000000000e+18
-1.631923200000000000e+18
-1.629331200000000000e+18
-1.626652800000000000e+18
-1.624060800000000000e+18
-1.621382400000000000e+18
-1.618704000000000000e+18
-1.616112000000000000e+18
-1.613433600000000000e+18
-1.610841600000000000e+18
-1.608163200000000000e+18
-1.605571200000000000e+18
-1.603065600000000000e+18
-1.600387200000000000e+18
-1.597795200000000000e+18
-1.595116800000000000e+18
-1.592524800000000000e+18
-1.589846400000000000e+18
-1.587168000000000000e+18
-1.584576000000000000e+18
-1.581897600000000000e+18
-1.579305600000000000e+18
-1.576627200000000000e+18
-1.574035200000000000e+18
-1.571443200000000000e+18
-1.568764800000000000e+18
-1.566172800000000000e+18
-1.563494400000000000e+18
-1.560902400000000000e+18
-1.558224000000000000e+18
-1.555545600000000000e+18
-1.552953600000000000e+18
-1.550275200000000000e+18
-1.547683200000000000e+18
-1.545004800000000000e+18
-1.542412800000000000e+18
-1.539907200000000000e+18
-1.537228800000000000e+18
-1.534636800000000000e+18
-1.531958400000000000e+18
-1.529366400000000000e+18
-1.526688000000000000e+18
-1.524009600000000000e+18
-1.521417600000000000e+18
-1.518739200000000000e+18
-1.516147200000000000e+18
-1.513468800000000000e+18
-1.510876800000000000e+18
-1.508371200000000000e+18
-1.505692800000000000e+18
-1.503100800000000000e+18
-1.500422400000000000e+18
-1.497830400000000000e+18
-1.495152000000000000e+18
-1.492473600000000000e+18
-1.489881600000000000e+18
-1.487203200000000000e+18
-1.484611200000000000e+18
-1.481932800000000000e+18
-1.479340800000000000e+18
-1.476835200000000000e+18
-1.474156800000000000e+18
-1.471564800000000000e+18
-1.468886400000000000e+18
-1.466294400000000000e+18
-1.463616000000000000e+18
-1.460937600000000000e+18
-1.458345600000000000e+18
-1.455667200000000000e+18
-1.453075200000000000e+18
-1.450396800000000000e+18
-1.447804800000000000e+18
-1.445212800000000000e+18
-1.442534400000000000e+18
-1.439942400000000000e+18
-1.437264000000000000e+18
-1.434672000000000000e+18
-1.431993600000000000e+18
-1.429315200000000000e+18
-1.426723200000000000e+18
-1.424044800000000000e+18
-1.421452800000000000e+18
-1.418774400000000000e+18
-1.416182400000000000e+18
-1.413676800000000000e+18
-1.410998400000000000e+18
-1.408406400000000000e+18
-1.405728000000000000e+18
-1.403136000000000000e+18
-1.400457600000000000e+18
-1.397779200000000000e+18
-1.395187200000000000e+18
-1.392508800000000000e+18
-1.389916800000000000e+18
-1.387238400000000000e+18
-1.384646400000000000e+18
-1.382140800000000000e+18
-1.379462400000000000e+18
-1.376870400000000000e+18
-1.374192000000000000e+18
-1.371600000000000000e+18
-1.368921600000000000e+18
-1.366243200000000000e+18
-1.363651200000000000e+18
-1.360972800000000000e+18
-1.358380800000000000e+18
-1.355702400000000000e+18
-1.353110400000000000e+18
-1.350604800000000000e+18
-1.347926400000000000e+18
-1.345334400000000000e+18
-1.342656000000000000e+18
-1.340064000000000000e+18
-1.337385600000000000e+18
-1.334707200000000000e+18
-1.332115200000000000e+18
-1.329436800000000000e+18
-1.326844800000000000e+18
-1.324166400000000000e+18
-1.321574400000000000e+18
-1.318982400000000000e+18
-1.316304000000000000e+18
-1.313712000000000000e+18
-1.311033600000000000e+18
-1.308441600000000000e+18
-1.305763200000000000e+18
-1.303084800000000000e+18
-1.300492800000000000e+18
-1.297814400000000000e+18
-1.295222400000000000e+18
-1.292544000000000000e+18
-1.289952000000000000e+18
-1.287446400000000000e+18
-1.284768000000000000e+18
-1.282176000000000000e+18
-1.279497600000000000e+18
-1.276905600000000000e+18
-1.274227200000000000e+18
-1.271548800000000000e+18
-1.268956800000000000e+18
-1.266278400000000000e+18
-1.263686400000000000e+18
-1.261008000000000000e+18
-1.258416000000000000e+18
-1.255910400000000000e+18
-1.253232000000000000e+18
-1.250640000000000000e+18
-1.247961600000000000e+18
-1.245369600000000000e+18
-1.242691200000000000e+18
-1.240012800000000000e+18
-1.237420800000000000e+18
-1.234742400000000000e+18
-1.232150400000000000e+18
-1.229472000000000000e+18
-1.226880000000000000e+18
-1.224374400000000000e+18
-1.221696000000000000e+18
-1.219104000000000000e+18
-1.216425600000000000e+18
-1.213833600000000000e+18
-1.211155200000000000e+18
-1.208476800000000000e+18
-1.205884800000000000e+18
-1.203206400000000000e+18
-1.200614400000000000e+18
-1.197936000000000000e+18
-1.195344000000000000e+18
-1.192752000000000000e+18
-1.190073600000000000e+18
-1.187481600000000000e+18
-1.184803200000000000e+18
-1.182211200000000000e+18
-1.179532800000000000e+18
-1.176854400000000000e+18
-1.174262400000000000e+18
-1.171584000000000000e+18
-1.168992000000000000e+18
-1.166313600000000000e+18
-1.163721600000000000e+18
-1.161216000000000000e+18
-1.158537600000000000e+18
-1.155945600000000000e+18
-1.153267200000000000e+18
-1.150675200000000000e+18
-1.147996800000000000e+18
-1.145318400000000000e+18
-1.142726400000000000e+18
-1.140048000000000000e+18
-1.137456000000000000e+18
-1.134777600000000000e+18
-1.132185600000000000e+18
-1.129680000000000000e+18
-1.127001600000000000e+18
-1.124409600000000000e+18
-1.121731200000000000e+18
-1.119139200000000000e+18
-1.116460800000000000e+18
-1.113782400000000000e+18
-1.111190400000000000e+18
-1.108512000000000000e+18
-1.105920000000000000e+18
-1.103241600000000000e+18
-1.100649600000000000e+18
-1.098144000000000000e+18
-1.095465600000000000e+18
-1.092873600000000000e+18
-1.090195200000000000e+18
-1.087603200000000000e+18
-1.084924800000000000e+18
-1.082246400000000000e+18
-1.079654400000000000e+18
-1.076976000000000000e+18
-1.074384000000000000e+18
-1.071705600000000000e+18
-1.069113600000000000e+18
-1.066521600000000000e+18
-1.063843200000000000e+18
-1.061251200000000000e+18
-1.058572800000000000e+18
-1.055980800000000000e+18
-1.053302400000000000e+18
-1.050624000000000000e+18
-1.048032000000000000e+18
-1.045353600000000000e+18
-1.042761600000000000e+18
-1.040083200000000000e+18
-1.037491200000000000e+18
-1.034985600000000000e+18
-1.032307200000000000e+18
-1.029715200000000000e+18
-1.027036800000000000e+18
-1.024444800000000000e+18
-1.021766400000000000e+18
-1.019088000000000000e+18
-1.016496000000000000e+18
-1.013817600000000000e+18
-1.011225600000000000e+18
-1.008547200000000000e+18
-1.005955200000000000e+18
-1.003449600000000000e+18
-1.000771200000000000e+18
-9.981792000000000000e+17
-9.955008000000000000e+17
-9.929088000000000000e+17
-9.902304000000000000e+17
-9.875520000000000000e+17
-9.849600000000000000e+17
-9.822816000000000000e+17
-9.796896000000000000e+17
-9.770112000000000000e+17
-9.744192000000000000e+17
-9.719136000000000000e+17
-9.692352000000000000e+17
-9.666432000000000000e+17
-9.639648000000000000e+17
-9.613728000000000000e+17
-9.586944000000000000e+17
-9.560160000000000000e+17
-9.534240000000000000e+17
-9.507456000000000000e+17
-9.481536000000000000e+17
-9.454752000000000000e+17
-9.428832000000000000e+17
-9.402912000000000000e+17
-9.376128000000000000e+17
-9.350208000000000000e+17
-9.323424000000000000e+17
-9.297504000000000000e+17
-9.270720000000000000e+17
-9.243936000000000000e+17
-9.218016000000000000e+17
-9.191232000000000000e+17
-9.165312000000000000e+17
-9.138528000000000000e+17
-9.112608000000000000e+17
-9.087552000000000000e+17
-9.060768000000000000e+17
-9.034848000000000000e+17
-9.008064000000000000e+17
-8.982144000000000000e+17
-8.955360000000000000e+17
-8.928576000000000000e+17
-8.902656000000000000e+17
-8.875872000000000000e+17
-8.849952000000000000e+17
-8.823168000000000000e+17
-8.797248000000000000e+17
-8.772192000000000000e+17
-8.745408000000000000e+17
-8.719488000000000000e+17
-8.692704000000000000e+17
-8.666784000000000000e+17
-8.640000000000000000e+17
-8.613216000000000000e+17
-8.587296000000000000e+17
-8.560512000000000000e+17
-8.534592000000000000e+17
-8.507808000000000000e+17
-8.481888000000000000e+17
-8.456832000000000000e+17
-8.430048000000000000e+17
-8.404128000000000000e+17
-8.377344000000000000e+17
-8.351424000000000000e+17
-8.324640000000000000e+17
-8.297856000000000000e+17
-8.271936000000000000e+17
-8.245152000000000000e+17
-8.219232000000000000e+17
-8.192448000000000000e+17
-8.166528000000000000e+17
-8.140608000000000000e+17
-8.113824000000000000e+17
-8.087904000000000000e+17
-8.061120000000000000e+17
-8.035200000000000000e+17
-8.008416000000000000e+17
-7.981632000000000000e+17
-7.955712000000000000e+17
-7.928928000000000000e+17
-7.903008000000000000e+17
-7.876224000000000000e+17
-7.850304000000000000e+17
-7.825248000000000000e+17
-7.798464000000000000e+17
-7.772544000000000000e+17
-7.745760000000000000e+17
-7.719840000000000000e+17
-7.693056000000000000e+17
-7.666272000000000000e+17
-7.640352000000000000e+17
-7.613568000000000000e+17
-7.587648000000000000e+17
-7.560864000000000000e+17
-7.534944000000000000e+17
-7.509888000000000000e+17
-7.483104000000000000e+17
-7.457184000000000000e+17
-7.430400000000000000e+17
-7.404480000000000000e+17
-7.377696000000000000e+17
-7.350912000000000000e+17
-7.324992000000000000e+17
-7.298208000000000000e+17
-7.272288000000000000e+17
-7.245504000000000000e+17
-7.219584000000000000e+17
-7.194528000000000000e+17
-7.167744000000000000e+17
-7.141824000000000000e+17
-7.115040000000000000e+17
-7.089120000000000000e+17
-7.062336000000000000e+17
-7.035552000000000000e+17
-7.009632000000000000e+17
-6.982848000000000000e+17
-6.956928000000000000e+17
-6.930144000000000000e+17
-6.904224000000000000e+17
-6.878304000000000000e+17
-6.851520000000000000e+17
-6.825600000000000000e+17
-6.798816000000000000e+17
-6.772896000000000000e+17
-6.746112000000000000e+17
-6.719328000000000000e+17
-6.693408000000000000e+17
-6.666624000000000000e+17
-6.640704000000000000e+17
-6.613920000000000000e+17
-6.588000000000000000e+17
-6.562944000000000000e+17
-6.536160000000000000e+17
-6.510240000000000000e+17
-6.483456000000000000e+17
-6.457536000000000000e+17
-6.430752000000000000e+17
-6.403968000000000000e+17
-6.378048000000000000e+17
-6.351264000000000000e+17
-6.325344000000000000e+17
-6.298560000000000000e+17
-6.272640000000000000e+17
-6.247584000000000000e+17
-6.220800000000000000e+17
-6.194880000000000000e+17
-6.168096000000000000e+17
-6.142176000000000000e+17
-6.115392000000000000e+17
-6.088608000000000000e+17
-6.062688000000000000e+17
-6.035904000000000000e+17
-6.009984000000000000e+17
-5.983200000000000000e+17
-5.957280000000000000e+17
-5.932224000000000000e+17
-5.905440000000000000e+17
-5.879520000000000000e+17
-5.852736000000000000e+17
-5.826816000000000000e+17
-5.800032000000000000e+17
-5.773248000000000000e+17
-5.747328000000000000e+17
-5.720544000000000000e+17
-5.694624000000000000e+17
-5.667840000000000000e+17
-5.641920000000000000e+17
-5.616000000000000000e+17
-5.589216000000000000e+17
-5.563296000000000000e+17
-5.536512000000000000e+17
-5.510592000000000000e+17
-5.483808000000000000e+17
-5.457024000000000000e+17
-5.431104000000000000e+17
-5.404320000000000000e+17
-5.378400000000000000e+17
-5.351616000000000000e+17
-5.325696000000000000e+17
-5.300640000000000000e+17
-5.273856000000000000e+17
-5.247936000000000000e+17
-5.221152000000000000e+17
-5.195232000000000000e+17
-5.168448000000000000e+17
-5.141664000000000000e+17
-5.115744000000000000e+17
-5.088960000000000000e+17
-5.063040000000000000e+17
-5.036256000000000000e+17
-5.010336000000000000e+17
-4.985280000000000000e+17
-4.958496000000000000e+17
-4.932576000000000000e+17
-4.905792000000000000e+17
-4.879872000000000000e+17
-4.853088000000000000e+17
-4.826304000000000000e+17
-4.800384000000000000e+17
-4.773600000000000000e+17
-4.747680000000000000e+17
-4.720896000000000000e+17
-4.694976000000000000e+17
-4.669920000000000000e+17
-4.643136000000000000e+17
-4.617216000000000000e+17
-4.590432000000000000e+17
-4.564512000000000000e+17
-4.537728000000000000e+17
-4.510944000000000000e+17
-4.485024000000000000e+17
-4.458240000000000000e+17
-4.432320000000000000e+17
-4.405536000000000000e+17
-4.379616000000000000e+17
-4.353696000000000000e+17
-4.326912000000000000e+17
-4.300992000000000000e+17
-4.274208000000000000e+17
-4.248288000000000000e+17
-4.221504000000000000e+17
-4.194720000000000000e+17
-4.168800000000000000e+17
-4.142016000000000000e+17
-4.116096000000000000e+17
-4.089312000000000000e+17
-4.063392000000000000e+17
-4.038336000000000000e+17
-4.011552000000000000e+17
-3.985632000000000000e+17
-3.958848000000000000e+17
-3.932928000000000000e+17
-3.906144000000000000e+17
-3.879360000000000000e+17
-3.853440000000000000e+17
-3.826656000000000000e+17
-3.800736000000000000e+17
-3.773952000000000000e+17
-3.748032000000000000e+17
-3.722976000000000000e+17
-3.696192000000000000e+17
-3.670272000000000000e+17
-3.643488000000000000e+17
-3.617568000000000000e+17
-3.590784000000000000e+17
-3.564000000000000000e+17
-3.538080000000000000e+17
-3.511296000000000000e+17
-3.485376000000000000e+17
-3.458592000000000000e+17
-3.432672000000000000e+17
-3.407616000000000000e+17
-3.380832000000000000e+17
-3.354912000000000000e+17
-3.328128000000000000e+17
-3.302208000000000000e+17
-3.275424000000000000e+17
-3.248640000000000000e+17
-3.222720000000000000e+17
-3.195936000000000000e+17
-3.170016000000000000e+17
-3.143232000000000000e+17
-3.117312000000000000e+17
-3.091392000000000000e+17
-3.064608000000000000e+17
-3.038688000000000000e+17
-3.011904000000000000e+17
-2.985984000000000000e+17
-2.959200000000000000e+17
-2.932416000000000000e+17
-2.906496000000000000e+17
-2.879712000000000000e+17
-2.853792000000000000e+17
-2.827008000000000000e+17
-2.801088000000000000e+17
-2.776032000000000000e+17
-2.749248000000000000e+17
-2.723328000000000000e+17
-2.696544000000000000e+17
-2.670624000000000000e+17
-2.643840000000000000e+17
-2.617056000000000000e+17
-2.591136000000000000e+17
-2.564352000000000000e+17
-2.538432000000000000e+17
-2.511648000000000000e+17
-2.485728000000000000e+17
-2.460672000000000000e+17
-2.433888000000000000e+17
-2.407968000000000000e+17
-2.381184000000000000e+17
-2.355264000000000000e+17
-2.328480000000000000e+17
-2.301696000000000000e+17
-2.275776000000000000e+17
-2.248992000000000000e+17
-2.223072000000000000e+17
-2.196288000000000000e+17
-2.170368000000000000e+17
-2.145312000000000000e+17
-2.118528000000000000e+17
-2.092608000000000000e+17
-2.065824000000000000e+17
-2.039904000000000000e+17
-2.013120000000000000e+17
-1.986336000000000000e+17
-1.960416000000000000e+17
-1.933632000000000000e+17
-1.907712000000000000e+17
-1.880928000000000000e+17
-1.855008000000000000e+17
-1.829088000000000000e+17
-1.802304000000000000e+17
-1.776384000000000000e+17
-1.749600000000000000e+17
-1.723680000000000000e+17
-1.696896000000000000e+17
-1.670112000000000000e+17
-1.644192000000000000e+17
-1.617408000000000000e+17
-1.591488000000000000e+17
-1.564704000000000000e+17
-1.538784000000000000e+17
-1.513728000000000000e+17
-1.486944000000000000e+17
-1.461024000000000000e+17
-1.434240000000000000e+17
-1.408320000000000000e+17
-1.381536000000000000e+17
-1.354752000000000000e+17
-1.328832000000000000e+17
-1.302048000000000000e+17
-1.276128000000000000e+17
-1.249344000000000000e+17
-1.223424000000000000e+17
-1.198368000000000000e+17
-1.171584000000000000e+17
-1.145664000000000000e+17
-1.118880000000000000e+17
-1.092960000000000000e+17
-1.066176000000000000e+17
-1.039392000000000000e+17
-1.013472000000000000e+17
-9.866880000000000000e+16
-9.607680000000000000e+16
-9.339840000000000000e+16
-9.080640000000000000e+16
-8.830080000000000000e+16
-8.562240000000000000e+16
-8.303040000000000000e+16
-8.035200000000000000e+16
-7.776000000000000000e+16
-7.508160000000000000e+16
-7.240320000000000000e+16
-6.981120000000000000e+16
-6.713280000000000000e+16
-6.454080000000000000e+16
-6.186240000000000000e+16
-5.927040000000000000e+16
-5.667840000000000000e+16
-5.400000000000000000e+16
-5.140800000000000000e+16
-4.872960000000000000e+16
-4.613760000000000000e+16
-4.345920000000000000e+16
-4.078080000000000000e+16
-3.818880000000000000e+16
-3.551040000000000000e+16
-3.291840000000000000e+16
-3.024000000000000000e+16
-2.764800000000000000e+16
-2.514240000000000000e+16
-2.246400000000000000e+16
-1.987200000000000000e+16
-1.719360000000000000e+16
-1.460160000000000000e+16
-1.192320000000000000e+16
-9.244800000000000000e+15
-6.652800000000000000e+15
-3.974400000000000000e+15
-1.382400000000000000e+15
1.296000000000000000e+15
3.888000000000000000e+15
6.393600000000000000e+15
9.072000000000000000e+15
1.166400000000000000e+16
1.434240000000000000e+16
1.693440000000000000e+16
1.961280000000000000e+16
2.229120000000000000e+16
2.488320000000000000e+16
2.756160000000000000e+16
3.015360000000000000e+16
3.283200000000000000e+16
3.542400000000000000e+16
3.792960000000000000e+16
4.060800000000000000e+16
4.320000000000000000e+16
4.587840000000000000e+16
4.847040000000000000e+16
5.114880000000000000e+16
5.382720000000000000e+16
5.641920000000000000e+16
5.909760000000000000e+16
6.168960000000000000e+16
6.436800000000000000e+16
6.696000000000000000e+16
6.955200000000000000e+16
7.223040000000000000e+16
7.482240000000000000e+16
7.750080000000000000e+16
8.009280000000000000e+16
8.277120000000000000e+16
8.544960000000000000e+16
8.804160000000000000e+16
9.072000000000000000e+16
9.331200000000000000e+16
9.599040000000000000e+16
9.858240000000000000e+16
1.010880000000000000e+17
1.037664000000000000e+17
1.063584000000000000e+17
1.090368000000000000e+17
1.116288000000000000e+17
1.143072000000000000e+17
1.169856000000000000e+17
1.195776000000000000e+17
1.222560000000000000e+17
1.248480000000000000e+17
1.275264000000000000e+17
1.301184000000000000e+17
1.326240000000000000e+17
1.353024000000000000e+17
1.378944000000000000e+17
1.405728000000000000e+17
1.431648000000000000e+17
1.458432000000000000e+17
1.485216000000000000e+17
1.511136000000000000e+17
1.537920000000000000e+17
1.563840000000000000e+17
1.590624000000000000e+17
1.616544000000000000e+17
1.641600000000000000e+17
1.668384000000000000e+17
1.694304000000000000e+17
1.721088000000000000e+17
1.747008000000000000e+17
1.773792000000000000e+17
1.800576000000000000e+17
1.826496000000000000e+17
1.853280000000000000e+17
1.879200000000000000e+17
1.905984000000000000e+17
1.931904000000000000e+17
1.957824000000000000e+17
1.984608000000000000e+17
2.010528000000000000e+17
2.037312000000000000e+17
2.063232000000000000e+17
2.090016000000000000e+17
2.116800000000000000e+17
2.142720000000000000e+17
2.169504000000000000e+17
2.195424000000000000e+17
2.222208000000000000e+17
2.248128000000000000e+17
2.273184000000000000e+17
2.299968000000000000e+17
2.325888000000000000e+17
2.352672000000000000e+17
2.378592000000000000e+17
2.405376000000000000e+17
2.432160000000000000e+17
2.458080000000000000e+17
2.484864000000000000e+17
2.510784000000000000e+17
2.537568000000000000e+17
2.563488000000000000e+17
2.588544000000000000e+17
2.615328000000000000e+17
2.641248000000000000e+17
2.668032000000000000e+17
2.693952000000000000e+17
2.720736000000000000e+17
2.747520000000000000e+17
2.773440000000000000e+17
2.800224000000000000e+17
2.826144000000000000e+17
2.852928000000000000e+17
2.878848000000000000e+17
2.903904000000000000e+17
2.930688000000000000e+17
2.956608000000000000e+17
2.983392000000000000e+17
3.009312000000000000e+17
3.036096000000000000e+17
3.062880000000000000e+17
3.088800000000000000e+17
3.115584000000000000e+17
3.141504000000000000e+17
3.168288000000000000e+17
3.194208000000000000e+17
3.220128000000000000e+17
3.246912000000000000e+17
3.272832000000000000e+17
3.299616000000000000e+17
3.325536000000000000e+17
3.352320000000000000e+17
3.379104000000000000e+17
3.405024000000000000e+17
3.431808000000000000e+17
3.457728000000000000e+17
3.484512000000000000e+17
3.510432000000000000e+17
3.535488000000000000e+17
3.562272000000000000e+17
3.588192000000000000e+17
3.614976000000000000e+17
3.640896000000000000e+17
3.667680000000000000e+17
3.694464000000000000e+17
3.720384000000000000e+17
3.747168000000000000e+17
3.773088000000000000e+17
3.799872000000000000e+17
3.825792000000000000e+17
3.850848000000000000e+17
3.877632000000000000e+17
3.903552000000000000e+17
3.930336000000000000e+17
3.956256000000000000e+17
3.983040000000000000e+17
4.009824000000000000e+17
4.035744000000000000e+17
4.062528000000000000e+17
4.088448000000000000e+17
4.115232000000000000e+17
4.141152000000000000e+17
4.166208000000000000e+17
4.192992000000000000e+17
4.218912000000000000e+17
4.245696000000000000e+17
4.271616000000000000e+17
4.298400000000000000e+17
4.325184000000000000e+17
4.351104000000000000e+17
4.377888000000000000e+17
4.403808000000000000e+17
4.430592000000000000e+17
4.456512000000000000e+17
4.482432000000000000e+17
4.509216000000000000e+17
4.535136000000000000e+17
4.561920000000000000e+17
4.587840000000000000e+17
4.614624000000000000e+17
4.641408000000000000e+17
4.667328000000000000e+17
4.694112000000000000e+17
4.720032000000000000e+17
4.746816000000000000e+17
4.772736000000000000e+17
4.797792000000000000e+17
4.824576000000000000e+17
4.850496000000000000e+17
4.877280000000000000e+17
4.903200000000000000e+17
4.929984000000000000e+17
4.956768000000000000e+17
4.982688000000000000e+17
5.009472000000000000e+17
5.035392000000000000e+17
5.062176000000000000e+17
5.088096000000000000e+17
5.113152000000000000e+17
5.139936000000000000e+17
5.165856000000000000e+17
5.192640000000000000e+17
5.218560000000000000e+17
5.245344000000000000e+17
5.272128000000000000e+17
5.298048000000000000e+17
5.324832000000000000e+17
5.350752000000000000e+17
5.377536000000000000e+17
5.403456000000000000e+17
5.428512000000000000e+17
5.455296000000000000e+17
5.481216000000000000e+17
5.508000000000000000e+17
5.533920000000000000e+17
5.560704000000000000e+17
5.587488000000000000e+17
5.613408000000000000e+17
5.640192000000000000e+17
5.666112000000000000e+17
5.692896000000000000e+17
5.718816000000000000e+17
5.744736000000000000e+17
5.771520000000000000e+17
5.797440000000000000e+17
5.824224000000000000e+17
5.850144000000000000e+17
5.876928000000000000e+17
5.903712000000000000e+17
5.929632000000000000e+17
5.956416000000000000e+17
5.982336000000000000e+17
6.009120000000000000e+17
6.035040000000000000e+17
6.060096000000000000e+17
6.086880000000000000e+17
6.112800000000000000e+17
6.139584000000000000e+17
6.165504000000000000e+17
6.192288000000000000e+17
6.219072000000000000e+17
6.244992000000000000e+17
6.271776000000000000e+17
6.297696000000000000e+17
6.324480000000000000e+17
6.350400000000000000e+17
6.375456000000000000e+17
6.402240000000000000e+17
6.428160000000000000e+17
6.454944000000000000e+17
6.480864000000000000e+17
6.507648000000000000e+17
6.534432000000000000e+17
6.560352000000000000e+17
6.587136000000000000e+17
6.613056000000000000e+17
6.639840000000000000e+17
6.665760000000000000e+17
6.690816000000000000e+17
6.717600000000000000e+17
6.743520000000000000e+17
6.770304000000000000e+17
6.796224000000000000e+17
6.823008000000000000e+17
6.849792000000000000e+17
6.875712000000000000e+17
6.902496000000000000e+17
6.928416000000000000e+17
6.955200000000000000e+17
6.981120000000000000e+17
7.007040000000000000e+17
7.033824000000000000e+17
7.059744000000000000e+17
7.086528000000000000e+17
7.112448000000000000e+17
7.139232000000000000e+17
7.166016000000000000e+17
7.191936000000000000e+17
7.218720000000000000e+17
7.244640000000000000e+17
7.271424000000000000e+17
7.297344000000000000e+17
7.322400000000000000e+17
7.349184000000000000e+17
7.375104000000000000e+17
7.401888000000000000e+17
7.427808000000000000e+17
7.454592000000000000e+17
7.481376000000000000e+17
7.507296000000000000e+17
7.534080000000000000e+17
7.560000000000000000e+17
7.586784000000000000e+17
7.612704000000000000e+17
7.637760000000000000e+17
7.664544000000000000e+17
7.690464000000000000e+17
7.717248000000000000e+17
7.743168000000000000e+17
7.769952000000000000e+17
7.796736000000000000e+17
7.822656000000000000e+17
7.849440000000000000e+17
7.875360000000000000e+17
7.902144000000000000e+17
7.928064000000000000e+17
7.953120000000000000e+17
7.979904000000000000e+17
8.005824000000000000e+17
8.032608000000000000e+17
8.058528000000000000e+17
8.085312000000000000e+17
8.112096000000000000e+17
8.138016000000000000e+17
8.164800000000000000e+17
8.190720000000000000e+17
8.217504000000000000e+17
8.243424000000000000e+17
8.269344000000000000e+17
8.296128000000000000e+17
8.322048000000000000e+17
8.348832000000000000e+17
8.374752000000000000e+17
8.401536000000000000e+17
8.428320000000000000e+17
8.454240000000000000e+17
8.481024000000000000e+17
8.506944000000000000e+17
8.533728000000000000e+17
8.559648000000000000e+17
8.584704000000000000e+17
8.611488000000000000e+17
8.637408000000000000e+17
8.664192000000000000e+17
8.690112000000000000e+17
8.716896000000000000e+17
8.743680000000000000e+17
8.769600000000000000e+17
8.796384000000000000e+17
8.822304000000000000e+17
8.849088000000000000e+17
8.875008000000000000e+17
8.900064000000000000e+17
8.926848000000000000e+17
8.952768000000000000e+17
8.979552000000000000e+17
9.005472000000000000e+17
9.032256000000000000e+17
9.059040000000000000e+17
9.084960000000000000e+17
9.111744000000000000e+17
9.137664000000000000e+17
9.164448000000000000e+17
9.190368000000000000e+17
9.215424000000000000e+17
9.242208000000000000e+17
9.268128000000000000e+17
9.294912000000000000e+17
9.320832000000000000e+17
9.347616000000000000e+17
9.374400000000000000e+17
9.400320000000000000e+17
9.427104000000000000e+17
9.453024000000000000e+17
9.479808000000000000e+17
9.505728000000000000e+17
9.531648000000000000e+17
9.558432000000000000e+17
9.584352000000000000e+17
9.611136000000000000e+17
9.637056000000000000e+17
9.663840000000000000e+17
9.690624000000000000e+17
9.716544000000000000e+17
9.743328000000000000e+17
9.769248000000000000e+17
9.796032000000000000e+17
9.821952000000000000e+17
9.847008000000000000e+17
9.873792000000000000e+17
9.899712000000000000e+17
9.926496000000000000e+17
9.952416000000000000e+17
9.979200000000000000e+17
1.000598400000000000e+18
1.003190400000000000e+18
1.005868800000000000e+18
1.008460800000000000e+18
1.011139200000000000e+18
1.013731200000000000e+18
1.016236800000000000e+18
1.018915200000000000e+18
1.021507200000000000e+18
1.024185600000000000e+18
1.026777600000000000e+18
1.029456000000000000e+18
1.032134400000000000e+18
1.034726400000000000e+18
1.037404800000000000e+18
1.039996800000000000e+18
1.042675200000000000e+18
1.045267200000000000e+18
1.047772800000000000e+18
1.050451200000000000e+18
1.053043200000000000e+18
1.055721600000000000e+18
1.058313600000000000e+18
1.060992000000000000e+18
1.063670400000000000e+18
1.066262400000000000e+18
1.068940800000000000e+18
1.071532800000000000e+18
1.074211200000000000e+18
1.076803200000000000e+18
1.079395200000000000e+18
1.082073600000000000e+18
1.084665600000000000e+18
1.087344000000000000e+18
1.089936000000000000e+18
1.092614400000000000e+18
1.095292800000000000e+18
1.097884800000000000e+18
1.100563200000000000e+18
1.103155200000000000e+18
1.105833600000000000e+18
1.108425600000000000e+18
1.110931200000000000e+18
1.113609600000000000e+18
1.116201600000000000e+18
1.118880000000000000e+18
1.121472000000000000e+18
1.124150400000000000e+18
1.126828800000000000e+18
1.129420800000000000e+18
1.132099200000000000e+18
1.134691200000000000e+18
1.137369600000000000e+18
1.139961600000000000e+18
1.142467200000000000e+18
1.145145600000000000e+18
1.147737600000000000e+18
1.150416000000000000e+18
1.153008000000000000e+18
1.155686400000000000e+18
1.158364800000000000e+18
1.160956800000000000e+18
1.163635200000000000e+18
1.166227200000000000e+18
1.168905600000000000e+18
1.171497600000000000e+18
1.174003200000000000e+18
1.176681600000000000e+18
1.179273600000000000e+18
1.181952000000000000e+18
1.184544000000000000e+18
1.187222400000000000e+18
1.189900800000000000e+18
1.192492800000000000e+18
1.195171200000000000e+18
1.197763200000000000e+18
1.200441600000000000e+18
1.203033600000000000e+18
1.205625600000000000e+18
1.208304000000000000e+18
1.210896000000000000e+18
1.213574400000000000e+18
1.216166400000000000e+18
1.218844800000000000e+18
1.221523200000000000e+18
1.224115200000000000e+18
1.226793600000000000e+18
1.229385600000000000e+18
1.232064000000000000e+18
1.234656000000000000e+18
1.237161600000000000e+18
1.239840000000000000e+18
1.242432000000000000e+18
1.245110400000000000e+18
1.247702400000000000e+18
1.250380800000000000e+18
1.253059200000000000e+18
1.255651200000000000e+18
1.258329600000000000e+18
1.260921600000000000e+18
1.263600000000000000e+18
1.266192000000000000e+18
1.268697600000000000e+18
1.271376000000000000e+18
1.273968000000000000e+18
1.276646400000000000e+18
1.279238400000000000e+18
1.281916800000000000e+18
1.284595200000000000e+18
1.287187200000000000e+18
1.289865600000000000e+18
1.292457600000000000e+18
1.295136000000000000e+18
1.297728000000000000e+18
1.300233600000000000e+18
1.302912000000000000e+18
1.305504000000000000e+18
1.308182400000000000e+18
1.310774400000000000e+18
1.313452800000000000e+18
1.316131200000000000e+18
1.318723200000000000e+18
1.321401600000000000e+18
1.323993600000000000e+18
1.326672000000000000e+18
1.329264000000000000e+18
1.331856000000000000e+18
1.334534400000000000e+18
1.337126400000000000e+18
1.339804800000000000e+18
1.342396800000000000e+18
1.345075200000000000e+18
1.347753600000000000e+18
1.350345600000000000e+18
1.353024000000000000e+18
1.355616000000000000e+18
1.358294400000000000e+18
1.360886400000000000e+18
1.363392000000000000e+18
1.366070400000000000e+18
1.368662400000000000e+18
1.371340800000000000e+18
1.373932800000000000e+18
1.376611200000000000e+18
1.379289600000000000e+18
1.381881600000000000e+18
1.384560000000000000e+18
1.387152000000000000e+18
1.389830400000000000e+18
1.392422400000000000e+18
1.394928000000000000e+18
1.397606400000000000e+18
1.400198400000000000e+18
1.402876800000000000e+18
1.405468800000000000e+18
1.408147200000000000e+18
1.410825600000000000e+18
1.413417600000000000e+18
1.416096000000000000e+18
1.418688000000000000e+18
1.421366400000000000e+18
1.423958400000000000e+18
1.426464000000000000e+18
1.429142400000000000e+18
1.431734400000000000e+18
1.434412800000000000e+18
1.437004800000000000e+18
1.439683200000000000e+18
1.442361600000000000e+18
1.444953600000000000e+18
1.447632000000000000e+18
1.450224000000000000e+18
1.452902400000000000e+18
1.455494400000000000e+18
1.458086400000000000e+18
1.460764800000000000e+18
1.463356800000000000e+18
1.466035200000000000e+18
1.468627200000000000e+18
1.471305600000000000e+18
1.473984000000000000e+18
1.476576000000000000e+18
1.479254400000000000e+18
1.481846400000000000e+18
1.484524800000000000e+18
1.487116800000000000e+18
1.489622400000000000e+18
1.492300800000000000e+18
1.494892800000000000e+18
1.497571200000000000e+18
1.500163200000000000e+18
1.502841600000000000e+18
1.505520000000000000e+18
1.508112000000000000e+18
1.510790400000000000e+18
1.513382400000000000e+18
1.516060800000000000e+18
1.518652800000000000e+18
1.521158400000000000e+18
1.523836800000000000e+18
1.526428800000000000e+18
1.529107200000000000e+18
1.531699200000000000e+18
1.534377600000000000e+18
1.537056000000000000e+18
1.539648000000000000e+18
1.542326400000000000e+18
1.544918400000000000e+18
1.547596800000000000e+18
1.550188800000000000e+18
1.552694400000000000e+18
1.555372800000000000e+18
1.557964800000000000e+18
1.560643200000000000e+18
1.563235200000000000e+18
1.565913600000000000e+18
1.568592000000000000e+18
1.571184000000000000e+18
1.573862400000000000e+18
1.576454400000000000e+18
1.579132800000000000e+18
1.581724800000000000e+18
1.584316800000000000e+18
1.586995200000000000e+18
1.589587200000000000e+18
1.592265600000000000e+18
1.594857600000000000e+18
1.597536000000000000e+18
1.600214400000000000e+18
1.602806400000000000e+18
1.605484800000000000e+18
1.608076800000000000e+18
1.610755200000000000e+18
1.613347200000000000e+18
1.615852800000000000e+18
1.618531200000000000e+18
1.621123200000000000e+18
1.623801600000000000e+18
1.626393600000000000e+18
1.629072000000000000e+18
1.631750400000000000e+18
1.634342400000000000e+18
1.637020800000000000e+18
1.639612800000000000e+18
1.642291200000000000e+18
1.644883200000000000e+18
1.647388800000000000e+18
1.650067200000000000e+18
1.652659200000000000e+18
1.655337600000000000e+18
1.657929600000000000e+18
1.660608000000000000e+18
1.663286400000000000e+18
1.665878400000000000e+18
1.668556800000000000e+18
1.671148800000000000e+18
