All values:

   Month     Slope  PValue
0      1 -0.011863  0.0000
1      2 -0.004770  0.0320
2      3  0.000059  0.9740
3      4  0.002556  0.2650
4      5  0.002147  0.2560
5      6  0.002001  0.2530
6      7  0.001366  0.4200
7      8  0.001941  0.1860
8      9  0.001487  0.5820
9     10 -0.007005  0.0100
10    11 -0.007746  0.0040
11    12 -0.014876  0.0000
12    11  0.001634  0.1499



for month April to september

Bootstrap Confidence Interval for Coefficient: [-0.00187392  0.00183517]
Bootstrapped p-value: 0.1466
